1567926718 3
1567926749 3
1567926764 3
1567944051 62
1568621296 208
1569036023 391
1569036143 478
1574254389 2493
1574336110 21207
1574342007 23824
1574346945 23851
1574385184 23850
1574385409 23850
1574386223 23865
1574387023 24055
1574390136 24143
1574399840 24176
1574405855 24235
1574407697 35683
1574412896 44898
1574422588 44991
1574571565 25432
1574573462 25363
1574585238 30832
1574600443 31505
1574600536 31519
1574601289 31511
1574771891 34433
1574772509 34446
1574772665 34447
1574841648 66465
1574843764 66485
1575016496 67438
1575017953 67439
1575365999 68007
1575377173 68010
1575377307 68015
1575798820 71981
1575857008 72012
1575857289 72013
1576741468 77057
1576760937 77126
1576762605 77128
1577178138 77552
1577178710 77553
1577259312 78180
1577259627 78180
